planck: {
    Omega_c: 0.26066676,
    Omega_b: 0.048974682,
    h: 0.6766,
    sigma8: 0.8102,
    n_s: 0.9665,
}
