planck: {
    Omega_c: 0.26503,
    Omega_b: 0.04939,
    h: 0.6732,
    sigma8: 0.8111,
    n_s: 0.96605,
}
